1 7 -2 0 8 -3
1 7 -3 1 0 2
2 14 -4 1 -13 3
2 14 -4 0 16 -6

0.31 0.14 0.30 0.27 1.02
0.26 0.32 0.18 0.24 1.00
0.61 0.22 0.20 0.31 1.34
0.40 0.34 0.36 0.17 1.27

1950 33.525
1955 46.519
1960 53.941
1965 72.319
1966 75.160
1967 76.160
1968 84.690
1969 90.866

40 1.66
50 1.41
60 1.22
70 1.06
80 0.93
90 0.84

1.0 0.5 0.3333333333333333 0.25 0.2 0.16666666666666666 0.14285714285714285 0.125 0.1111111111111111 0.1 
0.5 0.3333333333333333 0.25 0.2 0.16666666666666666 0.14285714285714285 0.125 0.1111111111111111 0.1 0.09090909090909091 
0.3333333333333333 0.25 0.2 0.16666666666666666 0.14285714285714285 0.125 0.1111111111111111 0.1 0.09090909090909091 0.08333333333333333 
0.25 0.2 0.16666666666666666 0.14285714285714285 0.125 0.1111111111111111 0.1 0.09090909090909091 0.08333333333333333 0.07692307692307693 
0.2 0.16666666666666666 0.14285714285714285 0.125 0.1111111111111111 0.1 0.09090909090909091 0.08333333333333333 0.07692307692307693 0.07142857142857142 
0.16666666666666666 0.14285714285714285 0.125 0.1111111111111111 0.1 0.09090909090909091 0.08333333333333333 0.07692307692307693 0.07142857142857142 0.06666666666666667 
0.14285714285714285 0.125 0.1111111111111111 0.1 0.09090909090909091 0.08333333333333333 0.07692307692307693 0.07142857142857142 0.06666666666666667 0.0625 
0.125 0.1111111111111111 0.1 0.09090909090909091 0.08333333333333333 0.07692307692307693 0.07142857142857142 0.06666666666666667 0.0625 0.058823529411764705 
0.1111111111111111 0.1 0.09090909090909091 0.08333333333333333 0.07692307692307693 0.07142857142857142 0.06666666666666667 0.0625 0.058823529411764705 0.05555555555555555 
0.1 0.09090909090909091 0.08333333333333333 0.07692307692307693 0.07142857142857142 0.06666666666666667 0.0625 0.058823529411764705 0.05555555555555555 0.05263157894736842


1.0 0.5 0.3333333333333333 0.25 0.2 0.16666666666666666 0.14285714285714285 0.125 0.1111111111111111 0.1 0.09090909090909091 0.08333333333333333 0.07692307692307693 0.07142857142857142 0.06666666666666667 0.0625 0.058823529411764705 0.05555555555555555 0.05263157894736842 0.05 
0.5 0.3333333333333333 0.25 0.2 0.16666666666666666 0.14285714285714285 0.125 0.1111111111111111 0.1 0.09090909090909091 0.08333333333333333 0.07692307692307693 0.07142857142857142 0.06666666666666667 0.0625 0.058823529411764705 0.05555555555555555 0.05263157894736842 0.05 0.047619047619047616 
0.3333333333333333 0.25 0.2 0.16666666666666666 0.14285714285714285 0.125 0.1111111111111111 0.1 0.09090909090909091 0.08333333333333333 0.07692307692307693 0.07142857142857142 0.06666666666666667 0.0625 0.058823529411764705 0.05555555555555555 0.05263157894736842 0.05 0.047619047619047616 0.045454545454545456 
0.25 0.2 0.16666666666666666 0.14285714285714285 0.125 0.1111111111111111 0.1 0.09090909090909091 0.08333333333333333 0.07692307692307693 0.07142857142857142 0.06666666666666667 0.0625 0.058823529411764705 0.05555555555555555 0.05263157894736842 0.05 0.047619047619047616 0.045454545454545456 0.043478260869565216 
0.2 0.16666666666666666 0.14285714285714285 0.125 0.1111111111111111 0.1 0.09090909090909091 0.08333333333333333 0.07692307692307693 0.07142857142857142 0.06666666666666667 0.0625 0.058823529411764705 0.05555555555555555 0.05263157894736842 0.05 0.047619047619047616 0.045454545454545456 0.043478260869565216 0.041666666666666664 
0.16666666666666666 0.14285714285714285 0.125 0.1111111111111111 0.1 0.09090909090909091 0.08333333333333333 0.07692307692307693 0.07142857142857142 0.06666666666666667 0.0625 0.058823529411764705 0.05555555555555555 0.05263157894736842 0.05 0.047619047619047616 0.045454545454545456 0.043478260869565216 0.041666666666666664 0.04 
0.14285714285714285 0.125 0.1111111111111111 0.1 0.09090909090909091 0.08333333333333333 0.07692307692307693 0.07142857142857142 0.06666666666666667 0.0625 0.058823529411764705 0.05555555555555555 0.05263157894736842 0.05 0.047619047619047616 0.045454545454545456 0.043478260869565216 0.041666666666666664 0.04 0.038461538461538464 
0.125 0.1111111111111111 0.1 0.09090909090909091 0.08333333333333333 0.07692307692307693 0.07142857142857142 0.06666666666666667 0.0625 0.058823529411764705 0.05555555555555555 0.05263157894736842 0.05 0.047619047619047616 0.045454545454545456 0.043478260869565216 0.041666666666666664 0.04 0.038461538461538464 0.037037037037037035 
0.1111111111111111 0.1 0.09090909090909091 0.08333333333333333 0.07692307692307693 0.07142857142857142 0.06666666666666667 0.0625 0.058823529411764705 0.05555555555555555 0.05263157894736842 0.05 0.047619047619047616 0.045454545454545456 0.043478260869565216 0.041666666666666664 0.04 0.038461538461538464 0.037037037037037035 0.03571428571428571 
0.1 0.09090909090909091 0.08333333333333333 0.07692307692307693 0.07142857142857142 0.06666666666666667 0.0625 0.058823529411764705 0.05555555555555555 0.05263157894736842 0.05 0.047619047619047616 0.045454545454545456 0.043478260869565216 0.041666666666666664 0.04 0.038461538461538464 0.037037037037037035 0.03571428571428571 0.034482758620689655 
0.09090909090909091 0.08333333333333333 0.07692307692307693 0.07142857142857142 0.06666666666666667 0.0625 0.058823529411764705 0.05555555555555555 0.05263157894736842 0.05 0.047619047619047616 0.045454545454545456 0.043478260869565216 0.041666666666666664 0.04 0.038461538461538464 0.037037037037037035 0.03571428571428571 0.034482758620689655 0.03333333333333333 
0.08333333333333333 0.07692307692307693 0.07142857142857142 0.06666666666666667 0.0625 0.058823529411764705 0.05555555555555555 0.05263157894736842 0.05 0.047619047619047616 0.045454545454545456 0.043478260869565216 0.041666666666666664 0.04 0.038461538461538464 0.037037037037037035 0.03571428571428571 0.034482758620689655 0.03333333333333333 0.03225806451612903 
0.07692307692307693 0.07142857142857142 0.06666666666666667 0.0625 0.058823529411764705 0.05555555555555555 0.05263157894736842 0.05 0.047619047619047616 0.045454545454545456 0.043478260869565216 0.041666666666666664 0.04 0.038461538461538464 0.037037037037037035 0.03571428571428571 0.034482758620689655 0.03333333333333333 0.03225806451612903 0.03125 
0.07142857142857142 0.06666666666666667 0.0625 0.058823529411764705 0.05555555555555555 0.05263157894736842 0.05 0.047619047619047616 0.045454545454545456 0.043478260869565216 0.041666666666666664 0.04 0.038461538461538464 0.037037037037037035 0.03571428571428571 0.034482758620689655 0.03333333333333333 0.03225806451612903 0.03125 0.030303030303030304 
0.06666666666666667 0.0625 0.058823529411764705 0.05555555555555555 0.05263157894736842 0.05 0.047619047619047616 0.045454545454545456 0.043478260869565216 0.041666666666666664 0.04 0.038461538461538464 0.037037037037037035 0.03571428571428571 0.034482758620689655 0.03333333333333333 0.03225806451612903 0.03125 0.030303030303030304 0.029411764705882353 
0.0625 0.058823529411764705 0.05555555555555555 0.05263157894736842 0.05 0.047619047619047616 0.045454545454545456 0.043478260869565216 0.041666666666666664 0.04 0.038461538461538464 0.037037037037037035 0.03571428571428571 0.034482758620689655 0.03333333333333333 0.03225806451612903 0.03125 0.030303030303030304 0.029411764705882353 0.02857142857142857 
0.058823529411764705 0.05555555555555555 0.05263157894736842 0.05 0.047619047619047616 0.045454545454545456 0.043478260869565216 0.041666666666666664 0.04 0.038461538461538464 0.037037037037037035 0.03571428571428571 0.034482758620689655 0.03333333333333333 0.03225806451612903 0.03125 0.030303030303030304 0.029411764705882353 0.02857142857142857 0.027777777777777776 
0.05555555555555555 0.05263157894736842 0.05 0.047619047619047616 0.045454545454545456 0.043478260869565216 0.041666666666666664 0.04 0.038461538461538464 0.037037037037037035 0.03571428571428571 0.034482758620689655 0.03333333333333333 0.03225806451612903 0.03125 0.030303030303030304 0.029411764705882353 0.02857142857142857 0.027777777777777776 0.02702702702702703 
0.05263157894736842 0.05 0.047619047619047616 0.045454545454545456 0.043478260869565216 0.041666666666666664 0.04 0.038461538461538464 0.037037037037037035 0.03571428571428571 0.034482758620689655 0.03333333333333333 0.03225806451612903 0.03125 0.030303030303030304 0.029411764705882353 0.02857142857142857 0.027777777777777776 0.02702702702702703 0.02631578947368421 
0.05 0.047619047619047616 0.045454545454545456 0.043478260869565216 0.041666666666666664 0.04 0.038461538461538464 0.037037037037037035 0.03571428571428571 0.034482758620689655 0.03333333333333333 0.03225806451612903 0.03125 0.030303030303030304 0.029411764705882353 0.02857142857142857 0.027777777777777776 0.02702702702702703 0.02631578947368421 0.02564102564102564